X_Interpolated	Y_Interpolated
200.00000000	3.82979378
201.20240481	3.83578882
202.40480962	3.84085228
203.60721443	3.84498419
204.80961924	3.84818453
206.01202405	3.85045331
207.21442886	3.85179052
208.41683367	3.85219617
209.61923848	3.85167025
210.82164329	3.85021278
212.02404810	3.84782373
213.22645291	3.84450313
214.42885772	3.84025096
215.63126253	3.83506722
216.83366733	3.82895193
218.03607214	3.82155433
219.23847695	3.80469264
220.44088176	3.77492842
221.64328657	3.73266780
222.84569138	3.68953680
224.04809619	3.65061206
225.25050100	3.61421464
226.45290581	3.58003994
227.65531062	3.54808796
228.85771543	3.51835870
230.06012024	3.49085216
231.26252505	3.46556834
232.46492986	3.44250724
233.66733467	3.42166886
234.86973948	3.40305319
236.07214429	3.38666025
237.27454910	3.37249003
238.47695391	3.35968527
239.67935872	3.34717860
240.88176353	3.33496689
242.08416834	3.32305014
243.28657315	3.31142836
244.48897796	3.30010155
245.69138277	3.28906970
246.89378758	3.27833281
248.09619238	3.26789089
249.29859719	3.25774394
250.50100200	3.24789195
251.70340681	3.23833492
252.90581162	3.22907286
254.10821643	3.22010577
255.31062124	3.21143364
256.51302605	3.20305648
257.71543086	3.19497428
258.91783567	3.18716612
260.12024048	3.17948731
261.32264529	3.17191025
262.52505010	3.16443492
263.72745491	3.15706134
264.92985972	3.14978950
266.13226453	3.14261940
267.33466934	3.13555104
268.53707415	3.12858442
269.73947896	3.12171954
270.94188377	3.11495641
272.14428858	3.10829501
273.34669339	3.10173536
274.54909820	3.09527744
275.75150301	3.08892127
276.95390782	3.08266684
278.15631263	3.07651415
279.35871743	3.07046320
280.56112224	3.06451400
281.76352705	3.05866653
282.96593186	3.05292080
284.16833667	3.04727682
285.37074148	3.04173458
286.57314629	3.03629407
287.77555110	3.03095531
288.97795591	3.02571829
290.18036072	3.02058301
291.38276553	3.01554948
292.58517034	3.01061768
293.78757515	3.00578762
294.98997996	3.00105931
296.19238477	2.99643273
297.39478958	2.99190790
298.59719439	2.98748481
299.79959920	2.98316346
301.00200401	2.97894385
302.20440882	2.97482598
303.40681363	2.97080985
304.60921844	2.96689547
305.81162325	2.96308282
307.01402806	2.95937192
308.21643287	2.95576276
309.41883768	2.95225533
310.62124248	2.94884965
311.82364729	2.94554571
313.02605210	2.94234351
314.22845691	2.93924306
315.43086172	2.93624434
316.63326653	2.93334736
317.83567134	2.93055213
319.03807615	2.92785864
320.24048096	2.92526688
321.44288577	2.92277687
322.64529058	2.92038860
323.84769539	2.91810207
325.05010020	2.91591729
326.25250501	2.91383424
327.45490982	2.91185293
328.65731463	2.90997337
329.85971944	2.90819554
331.06212425	2.90651946
332.26452906	2.90494512
333.46693387	2.90347252
334.66933868	2.90210166
335.87174349	2.90081485
337.07414830	2.89953933
338.27655311	2.89826726
339.47895792	2.89699863
340.68136273	2.89573344
341.88376754	2.89447169
343.08617234	2.89321338
344.28857715	2.89195851
345.49098196	2.89070708
346.69338677	2.88945909
347.89579158	2.88821455
349.09819639	2.88697344
350.30060120	2.88573577
351.50300601	2.88450155
352.70541082	2.88327077
353.90781563	2.88204342
355.11022044	2.88081952
356.31262525	2.87959906
357.51503006	2.87838203
358.71743487	2.87716845
359.91983968	2.87595831
361.12224449	2.87475161
362.32464930	2.87354835
363.52705411	2.87234853
364.72945892	2.87115216
365.93186373	2.86995922
367.13426854	2.86876972
368.33667335	2.86758366
369.53907816	2.86640105
370.74148297	2.86522187
371.94388778	2.86404614
373.14629259	2.86287385
374.34869739	2.86170499
375.55110220	2.86053958
376.75350701	2.85937761
377.95591182	2.85821908
379.15831663	2.85706399
380.36072144	2.85591234
381.56312625	2.85476413
382.76553106	2.85361936
383.96793587	2.85247803
385.17034068	2.85134014
386.37274549	2.85020570
387.57515030	2.84907469
388.77755511	2.84794713
389.97995992	2.84682300
391.18236473	2.84570232
392.38476954	2.84458507
393.58717435	2.84347127
394.78957916	2.84236091
395.99198397	2.84125399
397.19438878	2.84015051
398.39679359	2.83905047
399.59919840	2.83795387
400.80160321	2.83686071
402.00400802	2.83577099
403.20641283	2.83468471
404.40881764	2.83360187
405.61122244	2.83252248
406.81362725	2.83144652
408.01603206	2.83037400
409.21843687	2.82930493
410.42084168	2.82823930
411.62324649	2.82717710
412.82565130	2.82611835
414.02805611	2.82506304
415.23046092	2.82401117
416.43286573	2.82296274
417.63527054	2.82191774
418.83767535	2.82087620
420.04008016	2.81983809
421.24248497	2.81880342
422.44488978	2.81777219
423.64729459	2.81674440
424.84969940	2.81572006
426.05210421	2.81469915
427.25450902	2.81368169
428.45691383	2.81266766
429.65931864	2.81165708
430.86172345	2.81064993
432.06412826	2.80964623
433.26653307	2.80864597
434.46893788	2.80764915
435.67134269	2.80665577
436.87374749	2.80566583
438.07615230	2.80467933
439.27855711	2.80369627
440.48096192	2.80271665
441.68336673	2.80174047
442.88577154	2.80076774
444.08817635	2.79979844
445.29058116	2.79883258
446.49298597	2.79787017
447.69539078	2.79691119
448.89779559	2.79595566
450.10020040	2.79500357
451.30260521	2.79405491
452.50501002	2.79310970
453.70741483	2.79216793
454.90981964	2.79122960
456.11222445	2.79029471
457.31462926	2.78936326
458.51703407	2.78843525
459.71943888	2.78751068
460.92184369	2.78658956
462.12424850	2.78567187
463.32665331	2.78475762
464.52905812	2.78384682
465.73146293	2.78293945
466.93386774	2.78203553
468.13627255	2.78113504
469.33867735	2.78023800
470.54108216	2.77934440
471.74348697	2.77845424
472.94589178	2.77756752
474.14829659	2.77668424
475.35070140	2.77580440
476.55310621	2.77492800
477.75551102	2.77405504
478.95791583	2.77318552
480.16032064	2.77231944
481.36272545	2.77145681
482.56513026	2.77059761
483.76753507	2.76974185
484.96993988	2.76888954
486.17234469	2.76804067
487.37474950	2.76719523
488.57715431	2.76635324
489.77955912	2.76551469
490.98196393	2.76467958
492.18436874	2.76384790
493.38677355	2.76301967
494.58917836	2.76219488
495.79158317	2.76137353
496.99398798	2.76055563
498.19639279	2.75974116
499.39879760	2.75893013
500.60120240	2.75812254
501.80360721	2.75731840
503.00601202	2.75651769
504.20841683	2.75572043
505.41082164	2.75492660
506.61322645	2.75413622
507.81563126	2.75334928
509.01803607	2.75256578
510.22044088	2.75178571
511.42284569	2.75100909
512.62525050	2.75023591
513.82765531	2.74946617
515.03006012	2.74869987
516.23246493	2.74793702
517.43486974	2.74717760
518.63727455	2.74642162
519.83967936	2.74566909
521.04208417	2.74491999
522.24448898	2.74417433
523.44689379	2.74343212
524.64929860	2.74269335
525.85170341	2.74195801
527.05410822	2.74122612
528.25651303	2.74049767
529.45891784	2.73977266
530.66132265	2.73905109
531.86372745	2.73833296
533.06613226	2.73761827
534.26853707	2.73690702
535.47094188	2.73619921
536.67334669	2.73549484
537.87575150	2.73479391
539.07815631	2.73409643
540.28056112	2.73340238
541.48296593	2.73271178
542.68537074	2.73202461
543.88777555	2.73134089
545.09018036	2.73066061
546.29258517	2.72998376
547.49498998	2.72931036
548.69739479	2.72864040
549.89979960	2.72797388
551.10220441	2.72731080
552.30460922	2.72665116
553.50701403	2.72599496
554.70941884	2.72534220
555.91182365	2.72469289
557.11422846	2.72404701
558.31663327	2.72340457
559.51903808	2.72276558
560.72144289	2.72213002
561.92384770	2.72149791
563.12625251	2.72086923
564.32865731	2.72024400
565.53106212	2.71962221
566.73346693	2.71900386
567.93587174	2.71838895
569.13827655	2.71777747
570.34068136	2.71716944
571.54308617	2.71656486
572.74549098	2.71596371
573.94789579	2.71536600
575.15030060	2.71477173
576.35270541	2.71418090
577.55511022	2.71359352
578.75751503	2.71300957
579.95991984	2.71242907
581.16232465	2.71185200
582.36472946	2.71127838
583.56713427	2.71070820
584.76953908	2.71014146
585.97194389	2.70957815
587.17434870	2.70901829
588.37675351	2.70846187
589.57915832	2.70790889
590.78156313	2.70735935
591.98396794	2.70681326
593.18637275	2.70627060
594.38877756	2.70573138
595.59118236	2.70519560
596.79358717	2.70466327
597.99599198	2.70413437
599.19839679	2.70360892
600.40080160	2.70308690
601.60320641	2.70256833
602.80561122	2.70205320
604.00801603	2.70154151
605.21042084	2.70103325
606.41282565	2.70052844
607.61523046	2.70002707
608.81763527	2.69952914
610.02004008	2.69903465
611.22244489	2.69854361
612.42484970	2.69805600
613.62725451	2.69757183
614.82965932	2.69709110
616.03206413	2.69661382
617.23446894	2.69613997
618.43687375	2.69566957
619.63927856	2.69520260
620.84168337	2.69473908
622.04408818	2.69427900
623.24649299	2.69382236
624.44889780	2.69336916
625.65130261	2.69291939
626.85370741	2.69247307
628.05611222	2.69203019
629.25851703	2.69159076
630.46092184	2.69115476
631.66332665	2.69072220
632.86573146	2.69029308
634.06813627	2.68986741
635.27054108	2.68944517
636.47294589	2.68902638
637.67535070	2.68861102
638.87775551	2.68819911
640.08016032	2.68779063
641.28256513	2.68738560
642.48496994	2.68698401
643.68737475	2.68658586
644.88977956	2.68619115
646.09218437	2.68579988
647.29458918	2.68541205
648.49699399	2.68502766
649.69939880	2.68464671
650.90180361	2.68426920
652.10420842	2.68389514
653.30661323	2.68352451
654.50901804	2.68315733
655.71142285	2.68279358
656.91382766	2.68243328
658.11623246	2.68207641
659.31863727	2.68172299
660.52104208	2.68137301
661.72344689	2.68102647
662.92585170	2.68068336
664.12825651	2.68034370
665.33066132	2.68000748
666.53306613	2.67967470
667.73547094	2.67934537
668.93787575	2.67901947
670.14028056	2.67869701
671.34268537	2.67837799
672.54509018	2.67806242
673.74749499	2.67775028
674.94989980	2.67744159
676.15230461	2.67713633
677.35470942	2.67683452
678.55711423	2.67653615
679.75951904	2.67624121
680.96192385	2.67594972
682.16432866	2.67566167
683.36673347	2.67537706
684.56913828	2.67509589
685.77154309	2.67481816
686.97394790	2.67454387
688.17635271	2.67427303
689.37875752	2.67400562
690.58116232	2.67374165
691.78356713	2.67348113
692.98597194	2.67322404
694.18837675	2.67297040
695.39078156	2.67272019
696.59318637	2.67247343
697.79559118	2.67223011
698.99799599	2.67199022
700.20040080	2.67175378
701.40280561	2.67152078
702.60521042	2.67129122
703.80761523	2.67106510
705.01002004	2.67084242
706.21242485	2.67062318
707.41482966	2.67040739
708.61723447	2.67019503
709.81963928	2.66998611
711.02204409	2.66978064
712.22444890	2.66957860
713.42685371	2.66938001
714.62925852	2.66918485
715.83166333	2.66899314
717.03406814	2.66880487
718.23647295	2.66862004
719.43887776	2.66843864
720.64128257	2.66826069
721.84368737	2.66808618
723.04609218	2.66791511
724.24849699	2.66774749
725.45090180	2.66758330
726.65330661	2.66742255
727.85571142	2.66726524
729.05811623	2.66711138
730.26052104	2.66696095
731.46292585	2.66681397
732.66533066	2.66667042
733.86773547	2.66653032
735.07014028	2.66639365
736.27254509	2.66626043
737.47494990	2.66613065
738.67735471	2.66600431
739.87975952	2.66588141
741.08216433	2.66576195
742.28456914	2.66564593
743.48697395	2.66553335
744.68937876	2.66542421
745.89178357	2.66531851
747.09418838	2.66521626
748.29659319	2.66511744
749.49899800	2.66502207
750.70140281	2.66493013
751.90380762	2.66484164
753.10621242	2.66475658
754.30861723	2.66467497
755.51102204	2.66459680
756.71342685	2.66452207
757.91583166	2.66445077
759.11823647	2.66438292
760.32064128	2.66431851
761.52304609	2.66425754
762.72545090	2.66420002
763.92785571	2.66414593
765.13026052	2.66409528
766.33266533	2.66404807
767.53507014	2.66400431
768.73747495	2.66396398
769.93987976	2.66392710
771.14228457	2.66389365
772.34468938	2.66386365
773.54709419	2.66383709
774.74949900	2.66381396
775.95190381	2.66379428
777.15430862	2.66377804
778.35671343	2.66376524
779.55911824	2.66375588
780.76152305	2.66374996
781.96392786	2.66374748
783.16633267	2.66374845
784.36873747	2.66375285
785.57114228	2.66376069
786.77354709	2.66377198
787.97595190	2.66378670
789.17835671	2.66380487
790.38076152	2.66382647
791.58316633	2.66385152
792.78557114	2.66388001
793.98797595	2.66391193
795.19038076	2.66394730
796.39278557	2.66398611
797.59519038	2.66402836
798.79759519	2.66407405
800.00000000	2.66412318
